[gd_scene load_steps=12 format=3 uid="uid://duw0jvn8k5h4a"]

[ext_resource type="Script" path="res://world_manager.gd" id="1_nvgfg"]
[ext_resource type="PackedScene" uid="uid://b87p7l72jybf0" path="res://objects/player/player.tscn" id="3_igqfv"]
[ext_resource type="Material" uid="uid://dkbmxgnpagbg2" path="res://shaders/grass_floor.tres" id="3_tyl1l"]
[ext_resource type="Script" path="res://UI.gd" id="6_22ekt"]
[ext_resource type="PackedScene" uid="uid://0vo47iur1ow8" path="res://objects/minimap/minimap.tscn" id="6_jxmn3"]
[ext_resource type="PackedScene" uid="uid://ctsgx47gxrd7s" path="res://objects/datawump/datawump.tscn" id="8_8j3s3"]

[sub_resource type="ProceduralSkyMaterial" id="ProceduralSkyMaterial_b22d7"]
sky_horizon_color = Color(0.64625, 0.65575, 0.67075, 1)
ground_horizon_color = Color(0.64625, 0.65575, 0.67075, 1)

[sub_resource type="Sky" id="Sky_dw5v5"]
sky_material = SubResource("ProceduralSkyMaterial_b22d7")

[sub_resource type="Environment" id="Environment_yanfr"]
background_mode = 2
sky = SubResource("Sky_dw5v5")
tonemap_mode = 2
sdfgi_enabled = true
glow_enabled = true

[sub_resource type="BoxShape3D" id="BoxShape3D_jewm2"]
size = Vector3(5, 5, 1)

[sub_resource type="CylinderShape3D" id="CylinderShape3D_ny5s1"]
height = 0.4
radius = 8.0

[node name="World" type="Node3D"]
script = ExtResource("1_nvgfg")

[node name="DirectionalLight3D" type="DirectionalLight3D" parent="."]
transform = Transform3D(-0.866023, -0.433016, 0.250001, 0, 0.499998, 0.866027, -0.500003, 0.749999, -0.43301, 0, 0, 0)
shadow_enabled = true
directional_shadow_blend_splits = true

[node name="WorldEnvironment" type="WorldEnvironment" parent="."]
environment = SubResource("Environment_yanfr")

[node name="Border" type="StaticBody3D" parent="."]

[node name="CollisionShape3D" type="CollisionShape3D" parent="Border"]
transform = Transform3D(1, 0, 0, 0, 1, 0, 0, 0, 1, 2.08165e-12, 2.08165e-12, 8.2)
shape = SubResource("BoxShape3D_jewm2")

[node name="CollisionShape3D2" type="CollisionShape3D" parent="Border"]
transform = Transform3D(0.866025, -4.76452e-16, -0.5, 3.48787e-16, 1, -3.48787e-16, 0.5, 1.27665e-16, 0.866025, -4.1, 2.08165e-12, 7.101)
shape = SubResource("BoxShape3D_jewm2")

[node name="CollisionShape3D4" type="CollisionShape3D" parent="Border"]
transform = Transform3D(0.5, -4.76452e-16, -0.866025, 3.48787e-16, 1, -3.48787e-16, 0.866025, -1.27665e-16, 0.5, -7.101, 2.08165e-12, 4.1)
shape = SubResource("BoxShape3D_jewm2")

[node name="CollisionShape3D3" type="CollisionShape3D" parent="Border"]
transform = Transform3D(-4.37114e-08, -3.48787e-16, -1, 3.48787e-16, 1, -3.48787e-16, 1, -3.48787e-16, -4.37114e-08, -8.2, 2.08165e-12, 2.08165e-12)
shape = SubResource("BoxShape3D_jewm2")

[node name="CollisionShape3D5" type="CollisionShape3D" parent="Border"]
transform = Transform3D(-0.5, -1.27665e-16, -0.866025, 3.48787e-16, 1, -3.48787e-16, 0.866025, -4.76452e-16, -0.5, -7.101, 2.08165e-12, -4.1)
shape = SubResource("BoxShape3D_jewm2")

[node name="CollisionShape3D6" type="CollisionShape3D" parent="Border"]
transform = Transform3D(-0.866025, 1.27665e-16, -0.5, 3.48787e-16, 1, -3.48787e-16, 0.5, -4.76452e-16, -0.866025, -4.1, 2.08165e-12, -7.101)
shape = SubResource("BoxShape3D_jewm2")

[node name="CollisionShape3D7" type="CollisionShape3D" parent="Border"]
transform = Transform3D(-1, 3.48787e-16, -5.16191e-08, 3.48787e-16, 1, -3.48787e-16, 5.96046e-08, -3.48787e-16, -1, 2.08165e-12, 2.08165e-12, -8.2)
shape = SubResource("BoxShape3D_jewm2")

[node name="CollisionShape3D8" type="CollisionShape3D" parent="Border"]
transform = Transform3D(-0.866025, 4.76452e-16, 0.5, 3.48787e-16, 1, -3.48787e-16, -0.5, -1.27665e-16, -0.866025, 4.1, 2.08165e-12, -7.101)
shape = SubResource("BoxShape3D_jewm2")

[node name="CollisionShape3D9" type="CollisionShape3D" parent="Border"]
transform = Transform3D(-0.5, 4.76452e-16, 0.866025, 3.48787e-16, 1, -3.48787e-16, -0.866025, 1.27665e-16, -0.5, 7.101, 2.08165e-12, -4.1)
shape = SubResource("BoxShape3D_jewm2")

[node name="CollisionShape3D10" type="CollisionShape3D" parent="Border"]
transform = Transform3D(7.98551e-09, 3.48787e-16, 1, 3.48787e-16, 1, -3.48787e-16, -1, 3.48787e-16, 2.18168e-08, 8.2, 2.08165e-12, 2.08165e-12)
shape = SubResource("BoxShape3D_jewm2")

[node name="CollisionShape3D11" type="CollisionShape3D" parent="Border"]
transform = Transform3D(0.5, 1.27665e-16, 0.866025, 3.48787e-16, 1, -3.48787e-16, -0.866025, 4.76452e-16, 0.5, 7.101, 2.08165e-12, 4.1)
shape = SubResource("BoxShape3D_jewm2")

[node name="CollisionShape3D12" type="CollisionShape3D" parent="Border"]
transform = Transform3D(0.866025, -1.27665e-16, 0.5, 3.48787e-16, 1, -3.48787e-16, -0.5, 4.76452e-16, 0.866025, 4.1, 2.08165e-12, 7.101)
shape = SubResource("BoxShape3D_jewm2")

[node name="Ground" type="StaticBody3D" parent="."]

[node name="Mesh2" type="CSGCombiner3D" parent="Ground"]
use_collision = true

[node name="CSGCylinder3D" type="CSGCylinder3D" parent="Ground/Mesh2"]
transform = Transform3D(1, 0, 0, 0, 1, 0, 0, 0, 1, 2.08165e-12, -0.2, 2.08165e-12)
radius = 8.0
height = 0.4
sides = 64
material = ExtResource("3_tyl1l")

[node name="Centre" type="CSGCylinder3D" parent="Ground/Mesh2"]
operation = 2
radius = 1.4
height = 10.0
sides = 16
material = ExtResource("3_tyl1l")

[node name="CollisionShape" type="CollisionShape3D" parent="Ground"]
transform = Transform3D(1, 0, 0, 0, 1, 0, 0, 0, 1, 2.08165e-12, -0.2, 2.08165e-12)
shape = SubResource("CylinderShape3D_ny5s1")

[node name="Minimap" parent="." instance=ExtResource("6_jxmn3")]
unique_name_in_owner = true
transform = Transform3D(0.6, 0, 0, 0, 0.6, 0, 0, 0, 0.6, 2.08165e-12, 0.4, 2.08165e-12)

[node name="UI" type="Control" parent="."]
layout_mode = 3
anchors_preset = 15
anchor_right = 1.0
anchor_bottom = 1.0
grow_horizontal = 2
grow_vertical = 2
mouse_filter = 1
script = ExtResource("6_22ekt")

[node name="MarginContainer" type="MarginContainer" parent="UI"]
layout_mode = 1
anchors_preset = 15
anchor_right = 1.0
anchor_bottom = 1.0
grow_horizontal = 2
grow_vertical = 2
theme_override_constants/margin_left = 32
theme_override_constants/margin_top = 16

[node name="Inventory" type="Label" parent="UI/MarginContainer"]
unique_name_in_owner = true
layout_mode = 2
size_flags_horizontal = 0
size_flags_vertical = 0
theme_override_font_sizes/font_size = 48
text = "Test"

[node name="BlackScreen" type="ColorRect" parent="UI"]
layout_mode = 1
anchors_preset = 15
anchor_right = 1.0
anchor_bottom = 1.0
grow_horizontal = 2
grow_vertical = 2
mouse_filter = 1
color = Color(0, 0, 0, 0)

[node name="Crosshair" type="ColorRect" parent="UI"]
layout_mode = 1
anchors_preset = 8
anchor_left = 0.5
anchor_top = 0.5
anchor_right = 0.5
anchor_bottom = 0.5
offset_left = -6.0
offset_top = -6.0
offset_right = 6.0
offset_bottom = 6.0
grow_horizontal = 2
grow_vertical = 2
mouse_filter = 2

[node name="Death" type="ColorRect" parent="UI"]
layout_mode = 1
anchors_preset = 15
anchor_right = 1.0
anchor_bottom = 1.0
grow_horizontal = 2
grow_vertical = 2
color = Color(0.313726, 0.662745, 0.47451, 1)

[node name="VBoxContainer" type="VBoxContainer" parent="UI/Death"]
layout_mode = 1
anchors_preset = 8
anchor_left = 0.5
anchor_top = 0.5
anchor_right = 0.5
anchor_bottom = 0.5
offset_left = -168.5
offset_top = -42.0
offset_right = 168.5
offset_bottom = 42.0
grow_horizontal = 2
grow_vertical = 2
theme_override_constants/separation = 16

[node name="Text" type="Label" parent="UI/Death/VBoxContainer"]
layout_mode = 2
theme_override_font_sizes/font_size = 40
text = "The virus infected you and your computer :(
Better luck next time"
horizontal_alignment = 1

[node name="RetryButton" type="Button" parent="UI/Death/VBoxContainer"]
layout_mode = 2
theme_override_font_sizes/font_size = 32
text = "Go!"

[node name="Player" parent="." instance=ExtResource("3_igqfv")]
unique_name_in_owner = true
transform = Transform3D(1, 0, 0, 0, 1, 0, 0, 0, 1, 2, 1, 2.08165e-12)

[node name="RoomContainer" type="Node3D" parent="."]

[node name="DataWump" parent="." instance=ExtResource("8_8j3s3")]
transform = Transform3D(0.288529, 1.94604e-08, -0.957467, 0, 1, 2.03247e-08, 0.957467, -5.8643e-09, 0.288529, -7, -100, 0.62)

[node name="Label3D" type="Label3D" parent="."]
transform = Transform3D(1, 0, 0, 0, 1, 0, 0, 0, 1, 0, 1.84177, 0)
pixel_size = 0.002
billboard = 1
text = "You are here"
font_size = 128

[connection signal="pressed" from="UI/Death/VBoxContainer/RetryButton" to="." method="_on_retry_button_pressed"]
